2.3979018798249765
1.2997079573871464
0.05569767144938942
-1.1008489780010766
0.9125870063771895
0.35630265432936203
-0.9521101556748007
-1.1805974645919348
-1.1680628571113394
-0.029928706871730354
1.4395365198925898
1.0618667330114657
0.6752511617117078
0.0831163522055997
1.555038149529061
0.7226740750919783
1.0804741761822032
-0.09049273806386861
1.1220295009247785
-0.9624175198852628
0.6498217191626784
0.6533803180795804
-0.898854514436212
1.3195632593672106
0.7372852095536723
-0.3466103161772504
-1.4735375742453802
0.436233347332432
-0.5311968722297656
-0.3386840492032086
1.4113006058352022
-1.5360019027159273
-0.16141381021910983
1.3681641332527044
-0.8676833424222444
1.73351813965755
-0.7291368982014037
0.49322538382992553
0.3971843335049228
-0.10678048969265211
0.22199159480256628
-1.0486407634058201
-0.39028004924958265
0.6634420634510336
-1.1028369508665232
0.36881097759532233
0.7961754176833055
0.18784299454023967
1.3697503414658365
-1.0425731974278338
0.39633446140929696
2.091499723555464
-1.146017127383648
-0.046047276793857575
1.2378348004882958
-1.9220100084574359
0.29614387543428994
2.0518243887846386
0.18312982492371419
-0.47174411688481327
0.16565887331280615
0.1579279380057971
0.1386594367270165
0.4717807503090331
-0.7626135046907254
-0.31938512371777006
0.6849962686220603
-0.001213689643081717
0.06580767286528846
0.9335172206862199
1.111865765880378
0.16245908267385978
-1.408304939087551
1.096140050410435
-1.1690226929455123
0.22868518239617194
1.4133003111756577
-1.3231832350998638
-0.16786599692830648
1.2082456234849448
0.41096087005505466
0.7069760394515138
-0.30625052966373856
0.742972280701878
1.1015528435852704
1.0848871076616826
1.7909405970853007
0.2768052558782068
0.6550457278547882
1.2696268636960335
-1.4314449705253243
-0.7310865837767968
0.7032829638752063
-0.33484871122000537
-0.35606048496538045
-1.9872373621322958
-1.058155412228456
-0.018833252063977002
0.11570807168729803
0.5622406753031233
-2.2882230176867937
-0.9600566294541291
0.4129932561018183
0.7341896973770968
-0.7885064562791588
-0.038187750302218826
-1.8730364439815386
0.4696192369300196
-0.810270897121304
-0.005231179345090064
-1.2673119717833015
-0.08892025731236428
1.1768501526988389
-1.0121124978778697
0.5994447930723936
0.5794515195856504
2.892357543564316
0.18196520126149945
-0.4789011911248419
-0.24689894168110782
1.66944552346106
-1.212790422959807
-0.42453879580040577
-0.9911589399937266
-1.98384193838509
0.45128918891393044
-1.2847474605691942
0.2764179424906905
-0.999406244230872
-1.5092593365018017
1.078800383168183
0.6694863071336592
0.9282459875490929
-0.3770181853576269
0.5943333815286808
0.48842234033512777
1.6466319686551614
1.844180464259069
-1.1257469582897142
0.902728229474852
-0.3822505497695765
-0.28663383074448695
-0.6346736545660082
-0.10897103387657207
-2.049224693580715
-0.5081326761164353
-0.735978418257171
-0.825000689289544
-0.14539556624132263
-0.48515105545055764
-0.05528542381619733
-0.6032725698463739
0.46902351583718627
-0.9108424438110636
0.029953972688587033
-0.24649884016114862
0.39923248510190795
0.9846306249738713
0.6483656684955942
0.538984067643042
-0.7111349940212973
-0.3162141129496044
1.795889826728186
1.2616124348054072
-0.8040464383525534
-1.5597741702640004
0.08011135170959104
0.47810089380777926
-0.26968561105863176
-0.8729290909668334
1.016901268041633
0.14073287345514723
-0.8969142051395401
-1.430783649566677
0.12111321563385419
-1.0429407083525384
-2.6619669025738255
0.8621359282784218
1.2727302628301655
-0.06786431614730687
-0.22792198324112187
1.4393771160634812
0.05785191324790187
-0.6131329687283809
1.6741091484056783
2.574009489706815
-0.41571810370341417
0.11006765091203488
0.10054616248350262
-1.0873112943530592
-0.7456200816202327
-1.4120362501984929
0.3715400545347662
-1.1930237533292771
-0.1663819588286958
-0.09516759474530599
-0.6310564755455237
-0.28210854988198103
-0.3174701327556427
-1.353136811193174
-0.24611741648311106
0.16735161002617646
0.21813627653109158
0.5254389295283569
-0.22097196121319798
-0.777592096581952
-0.4576998762681953
-0.8941335101978763
-2.3120158218945956
0.6833549854434318
0.7848021329045114
-1.7122757446903527
-1.3446103178349433
-0.7509694184882376
-1.1257014670753858
0.29015396157915296
-0.7046440726554225
-0.5212407639398298
0.2473544785256026
0.2871483645264014
1.589500744558466
-0.41068180932799764
0.4097921079275025
0.8280296109712155
0.6161681701792158
-0.6619849575397774
-0.5560557145757973
0.4348432760201099
1.8198917079734889
-0.7756664118160929
-0.0645536242114041
0.6610875165134669
0.6423679888863433
-0.08025567769714849
1.89993529544367
0.008088916089682839
0.32896180202869535
-0.12574115996765817
-1.193973271921383
-1.3475519183408982
2.4779027092935277
0.5624837796840692
0.6523565596711547
0.629366305416769
-1.0671472475468342
0.15146834607101384
0.013356541338374018
-0.590352991544788
0.015987551073912788
0.6505461378870216
0.1018833716534085
1.5383017770456267
1.7096343404209764
-1.3112265929452447
-1.077694162624647
0.9104886025283705
-1.2045738881712622
-0.3328948407953767
0.9890550838034756
-0.6069632858369808
-0.22406203456914217
-0.0943696782840611
-2.8740047128978987
0.4183541884133825
-1.2816840669754823
0.5177342549508425
-0.6007551581235866
-0.0734634178112165
0.9900669082732386
-0.21665751732960561
1.1071998309280806
0.24044013705526995
-0.9041568900538729
0.7186755811374129
-1.5775053705698323
0.5945457650977994
-2.0396155504287554
1.1653795189708145
0.1826508002801626
1.5337474689895143
-0.38668659759732876
0.3981566285545193
1.045437773042537
1.6992227699270346
0.17899755394697894
0.01738521013511629
0.48809377819789745
1.710265710779365
-0.8211479530045794
0.47225015272635923
-0.30843641559706486
0.4039777486647168
-0.4587135111270954
-1.3715843138021022
0.7063773582931449
-1.4707046939578576
-0.13210544072523392
-1.5730781621334204
-1.2745461045856623
-0.7495869457167786
0.8426701195890949
1.839092786586849
-0.43930746147419025
1.1412696868963697
0.09348538883669753
0.1961697166843203
0.5254727372259157
0.4417974864491461
-1.5872333988083627
-0.5744538827933
1.0762792088205937
-0.9033226125968717
-1.4744014392352354
0.7150825760036227
1.410274350426622
0.33808793622838706
-0.6721780974190075
-1.1484677069209384
-0.4181265388411032
-1.51385424725446
1.3671578910047943
1.2235418876157862
1.4877941182006877
0.3664274798974015
-0.01952699745890601
-0.1710688536665799
0.08437296463736742
0.9939069786967137
0.014520626003767516
0.153489016329375
0.9489099049689789
-0.027055577886839995
-0.2440889111931409
0.11165521840822021
-1.0798178453432463
1.1137355550402483
-0.5600615776978942
-0.6218673294836583
-0.756365666831574
-0.3725851681063466
1.002033522025741
-0.7216278168166985
-1.7748201862420523
0.23230235007220137
-0.893660381719523
-0.9900599400142843
-0.3601444103237238
2.099792127578332
2.299800942463042
-0.5575501870004108
-0.8788690551024991
-0.8678969040478665
-0.7423971720135528
-1.3364516591737843
-0.1034513206886229
-1.0144304149413075
-0.5025728091193358
-0.845382209464625
0.6949089447094506
-1.1992240950813393
0.14956351191366465
-1.3517668904017004
-0.6084186238562943
1.150769276112552
-0.33062562770273113
-1.0162586780510035
1.1182075095081112
-0.032062789318749736
-0.7914480980938866
-0.23811542773845656
0.9648469638363049
1.2269825352130237
0.14879679955427955
1.1807783887121979
-0.005816341342506214
1.5607621644614114
-0.7200477088980208
-1.7306806647718695
0.8529086558173435
0.15965045240068224
-0.38507085848859546
-1.2023053161590191
-0.11126295380262989
0.4495686698852913
0.913146494808732
-1.4891378753373328
-1.3500194764435716
-0.5274611548775245
1.0641803497117006
-0.22213573304766757
-0.27815282487804494
1.0476659765562748
-0.1429771843750398
1.7152286380416923
0.4939042495080786
-0.8197303088393871
1.0182604241437747
-0.6429914995686169
0.2737981911408185
-0.9615205052352616
-0.48475361591425753
-1.9427850183158815
1.2608601838232554
0.6386375128859446
0.13786436636506313
0.45830249615452556
1.0917394122375974
1.6917484263874654
0.6043516403162308
-0.30738295011055655
2.046619635483554
-1.223732524592098
-0.3509873575192099
0.019472991032194638
1.9452174661333563
0.5766681105231007
1.431666826687688
-0.3236435099132816
-1.2480942593292212
0.35541692536886765
2.0674332280722365
0.8207729405212828
-0.29522238420413127
-0.295770807658094
-1.983639964846674
-0.5896883524094046
1.1076530236727902
-0.7969409258227517
1.0058745568232823
0.22500475977804374
-1.1097374139744656
1.044527126694777
-1.1180516020878015
-0.4847898151067199
0.6280107897722561
-1.585925253010804
1.6085308122335928
-0.5463902792940348
-1.2056464291699525
1.6939380152453898
1.2890309030876939
-0.5949819010453602
1.9426544348940864
-0.2235555080778846
-1.518391631906398
0.4604960850555459
1.1740872628405563
1.0922562854001596
0.4543372257300396
1.3404391678160885
-0.04329323659167301
-0.24260286197069925
-1.2587590133824942
-0.29921598886799766
0.5007338346073598
0.8461893380712672
0.5413630218145649
-0.0798169828007685
-0.1873149407911585
-0.17869064137777166
1.0409232383047407
1.4503130959626283
-1.1743123593386622
-0.7106215279354426
-2.000448610832052
-0.4032700929863107
-0.07183136358037495
-0.9492504254132286
0.8002012252718659
0.9999788586560271
-2.0452775064415767
-0.31937962834558986
0.08223475103785217
1.308432775403559
0.912499868218201
-0.1945564290635277
-1.7673534970162672
1.46745233353245
1.4369924651767767
1.4056359468913437
1.704894145603206
-1.5918862979998338
-0.16813216464656452
-0.7004473689197778
0.6216023363664792
0.7212124985594043
-1.7216302849763543
2.1376478127166547
0.14735404207972572
-0.18227720806095277
-1.4521978867928387
-0.4701422972130897
-0.2618728471123249
1.1589873670222943
-0.37944398005487817
-1.2423263189471687
2.6066847756703377
-0.6038521110452787
1.7148988739884785
-1.120439804700389
0.7093132701677393
-1.7793671442956815
-0.8149970586692742
1.0214072958168237
-0.21259664876146878
0.2544648049320173
1.0796275138243863
0.31577491814624253
-1.1483577995923104
1.2711602405715876
-2.0445657503410466
-0.11571796021640209
0.9908437861629564
0.9126923019390608
-0.16540449266003432
-0.7970243001210737
-0.10319468809959992
-0.14106642108324452
0.262647101528587
1.6825637819218082
0.8161008676439097
-0.6748309648325621
-0.7078703293388356
-0.14329141894129402
-0.5646671082227092
-0.3404135796915948
-0.6856625250871182
0.983529114498447
-0.18147011297999763
0.04096324663000242
-0.3960466251676192
-0.6320462309020246
1.3212697305462553
1.9426117598807429
-0.9417703313410896
1.3902507728351308
1.8515136359236148
-0.5249815478309452
-1.3483601552244064
0.1822858673470504
-1.0528135257052418
1.1990363516339737
1.531635205203239
0.28385390519054027
-0.28554123771568285
0.23166457946834865
-0.8409118234906326
-0.26511640007252835
-0.5486996550554909
1.293968227222988
-1.186630155681009
-1.124931429484936
-0.3975921288236744
-1.8337396294075405
0.5303988592297896
-0.2561956890367297
-1.0118775555586446
-0.15789403967855697
0.1461601661499211
-0.6558372568598034
2.002376934442837
0.8893830341279672
1.8397908483070227
-1.8359839999537377
-0.32088978399301654
0.7206055706109601
-1.4852835140675764
1.0155219362212358
1.5476514325637472
-0.17123780776962777
-0.3709697054234136
-1.1873940530751115
-0.5079629924625215
-0.7893399264694758
0.7717668831912539
-0.02025531281372725
0.1194451697037886
-0.20314664799892068
-0.9429841099025794
0.24244121436135693
0.4252587048230719
0.4111370458511301
-1.0468924396761803
2.515220141452399
-0.3765940526655748
0.7984560570606388
-0.8689262153794588
0.06610297582711518
-0.703476514093338
0.7679751258446335
-1.5449029824204512
-0.5892523054408254
-1.125105626622846
0.12484905121240424
-1.4675516696855304
-1.4113323208403417
-0.5196684655729888
1.4941272440151592
-0.11891603499283572
0.7145818680668996
0.23849869330205745
1.1676497155171304
-0.2953422196372389
0.2821781425430594
1.8824577459962009
-1.267418330237121
1.2048884503327892
0.1382999928806695
-0.8794229973511546
-0.5359663245121429
0.03858876550027734
1.5695300789912463
-0.07801322583140753
-0.3155528650708113
-1.6011876930092113
0.4123436769112591
0.21114711640514894
0.22729942538571501
0.5966862667868442
-1.0741856727743573
-0.6339368392090895
1.5217764442118327
-0.8868470773778883
0.20509108212508742
-0.9601189666616758
0.8549809556428508
0.4980242392522322
1.9683453279250676
-0.46315566927121327
0.19973295718640707
-1.2636269955467636
0.7290872776184971
-0.8000413030411677
0.16826112877088675
0.09150669355186328
0.6178612452242165
1.2609486656063427
1.8472822533317605
0.4775046669840924
-1.2160302003342969
0.40831345483917203
0.7037919008055065
0.8661062641085159
-0.9058586824737165
1.0201854695412316
0.3629829174211967
-2.847220923495955
0.30694948540070416
0.3466544435247552
-2.1962140996549984
0.6261280273349801
-0.8946797879710381
0.10652146002616114
2.964672993192448
-0.28497077755218386
0.8121724417836008
-1.610158140043548
0.35656127223967415
0.6714533254846526
0.7073619958632191
-0.348850803263698
-2.0500486851603728
1.2152271628258138
-0.5362222664633026
0.22118218005954673
-0.6689089618178179
0.42156116028198803
-0.3212111787093357
-0.18667817054533495
-0.669394694216515
-0.2905042782380778
-1.488413017215313
0.23090000017135487
0.45619913451138816
-0.5262561874746309
0.276503534299784
2.13502417634111
0.9977667586449135
0.5317256404224118
1.3441689509727919
-0.5005697916671001
0.19218049476262994
-1.0474140410026944
-0.3864555283413899
0.6653853257663395
0.44695251396252833
-0.8085837476824488
0.044480886593616105
0.13303257673130314
-0.5450963162426166
-0.017156629104599235
-1.4983236944640062
0.02542973999310954
0.31765397930724193
1.1698439370060507
-0.44501061793218716
0.18220737810174087
-1.3796289002744964
-1.032447726837566
-2.8071035940121827
-0.24763700474034048
0.48155774709068616
-1.4492522505815788
-0.18457020582868128
2.789305175136736
0.3623519456383484
0.10129916796454586
0.8814046627918515
-0.11399354118588267
-0.287193411914293
-0.5158715416682058
-0.7563246783125058
0.33700675268377506
-0.36374037297323436
0.6858549938510534
1.7465891428652487
1.1792351862159787
-0.5218936791033988
0.2630203452772429
-1.088627006014028
-1.3350688116968017
0.5739470850893866
0.0732114931121713
-1.3955324337071877
-0.7367321961642301
0.04563647028029331
-0.24877325203882317
-1.8003768179475876
-1.01203645550548
-0.8893154247716695
0.8006701858540022
0.16665196437757465
0.004159961598643875
0.9176706313870452
0.7276003046245546
-0.11791803890648257
0.6891707533498038
0.1031461095017686
-2.7526224726740254
0.08277819213290427
1.9348051394396772
0.11439847884901802
0.9839956325152818
1.168553443259683
-0.7560739585673802
0.8457043631858009
-0.2667296843613296
0.300360616446126
0.08710300351414862
-0.7275917299636926
-1.356333975244255
0.674992967575246
0.06478079972347169
-0.8366314555264942
-0.5662513855791683
1.744378416171367
-0.430615758080602
-0.2504607928175615
0.36907094781261646
0.1789814969580797
-0.6147275471245801
1.142095548678374
0.8676455667671195
-0.33767731842559706
-0.0403997306026155
-0.3363757013425152
-1.7033797694890636
0.9202395735265179
-1.5400517557525635
-1.7722100332442523
0.22893462209865728
-1.3965544470218807
-0.538439411283981
0.23481321727926455
0.8474054551319802
-0.35460949241910655
-0.3334107783907526
1.4178617846588784
0.9370908550283849
-0.24223871058200702
0.3466853806858513
-1.484072185795343
1.524940503756177
-0.19882032814401293
-0.3352409543496953
-1.5336467779700436
0.6928674101377723
-0.5997496758361879
0.6050117081744634
-0.9441383436169523
-0.7489107261476681
-0.9308736317182695
1.3190401320830534
1.106469259868781
-0.20428274985891723
1.8315921463769955
-0.06863531820917763
0.3567634334764669
1.4380833477702442
0.22913620732980908
-0.08630016289443646
-1.2734016603545728
2.120647701242394
0.5590290194646432
1.0764476667615603
-1.2961675565653499
-1.2963980413183473
-0.3225227620576207
-0.07007703006310004
-1.7751000710260718
0.30114683327390124
-1.3058425167756684
0.1873029892304411
0.10614939927220465
1.1613624522512807
-1.5973576601737973
0.11317939278093814
0.6641738486627494
-0.2541643849813843
0.4962498831806009
-0.8011157280128586
-0.8733742331945836
1.55230950914885
0.14608499225961444
-1.3941869451106417
-0.5711361193403183
0.725542901229885
0.2877513043425422
0.09328963816508885
-0.8795110045080876
-0.37321811368662405
1.729441871339388
1.997617483784683
0.14750568289929683
-0.38230756762866386
-0.5769228684287575
-0.055410453811965375
-0.11260917528947556
-0.6526908654715443
0.48306157153595675
0.6799984965890311
0.396230041250539
-0.15772254581426223
1.55093975143465
0.02870511830607245
-1.2628139955843667
-1.5042810918189145
-0.33973564118615124
1.9850133036905817
-0.8796835977777152
-0.4310932594709426
-0.8663416216100747
-1.8862913713115537
-0.77908223644966
0.5795466097813303
1.2303351376705243
0.4452701861952966
1.5243539957937136
-0.11401581157709637
-0.5016736125285775
-0.7447479861673545
-0.5257199580055916
-0.6741101777622523
1.68789190514151
0.9754164272921403
0.33363233890196403
1.7928741852211396
-1.733383855183433
-1.0047913139707132
-0.955070475150007
-0.5022113754498553
0.4562088166656373
-0.2520272791923879
-1.5810905856223387
0.9346601408072244
0.6027054011593096
-0.9865806495275591
0.3655748316035683
0.5593734634017646
-0.41500146322452014
-1.3228576519121855
-1.1862855279112163
-0.399243064232426
1.392715941130078
1.0163360569571083
0.6788414020904013
-1.5284016601161377
0.5794533102317311
-1.3973956844735145
-1.4672364965906215
0.8356888886893292
-0.4053413393993068
-0.37290608991089574
-0.27130247210210057
-1.4075119190785186
0.8995601612001288
0.9563351002293999
0.5336803169131205
-1.2724065477762962
-0.09252072440103269
-0.8628264904847286
1.200231239434009
-0.25629006737339144
-0.3444581684025941
-1.728084114358249
0.6783753048208806
-0.41141838482989584
-1.6702109712868438
0.9863264252964841
-0.413443711789782
1.0195397145156675
-0.5773468542543571
-0.7821628781112905
-0.1338758900187924
-0.4913067006578554
-1.0657014568129684
-0.1544141631326819
-0.6056971317113865
0.2609619498347059
-1.0413241424561133
-1.7319017029716661
1.3859388745651386
0.7736292791678028
0.6591336653444565
0.9353823747196972
0.8085658167072349
1.3432836687772747
-1.0918027821457164
0.47201614102107997
-1.8860053326858464
0.368679807464199
-0.6544541148611147
0.38550181374316905
0.055952028011583096
0.4922456751662219
-1.3831548916513892
2.0205666775125355
0.22078953591793876
-0.8481567068600916
-0.7358540713024014
1.0410433326852553
0.5791636881367314
2.4069503096582103
0.7363735952948602
-1.105373100714449
1.4598366779236363
0.695536207561571
0.591435820720379
0.5456801549354118
0.04349991055392967
-1.5259734197991452
-0.11761463643736522
0.7220069013903232
1.9198344966758225
0.00193112201100736
-0.0013860665796063298
0.8015390518620744
-0.2790305253897807
-0.0009171231373382345
-0.46660045071040335
-1.2365677317362815
2.154066253566127
-0.8545759816096449
-0.011411631197572297
-0.6710110568117926
0.11924665660854553
-0.5684268561582776
0.07220293334980392
-1.2121864365884902
-2.2753020394262853
-0.8592173638063539
-0.35890333970108157
0.8659235393781759
0.9474457928576205
1.3499029120028394
0.7375843508890507
-1.3915589390286751
-0.3267632712178263
0.40074564227731424
1.7317582125440698
1.7586543492445093
-2.027558966766538
-1.0144615200546088
-1.239763010312981
-0.36917194235015516
-1.0462879590823904
0.14498557352611896
-1.1814107164628447
-0.5508515546461089
0.9720563156242205
0.2681051962942301
0.8033453739100188
-1.3750366264339167
0.9416628293841832
-0.3208398585582641
0.424257828401832
-0.0017995096096725342
0.9468649527378432
-0.1163743912346283
0.3708699296708374
